0.315395 0.077240 0.051185 0.027917 0.071391 0.024412 0.068670 0.130996 0.226410 0.006384 
0.005368 0.343257 0.327585 0.019219 0.047062 0.099252 0.052346 0.006597 0.091136 0.008178 
0.120688 0.079572 0.231081 0.222689 0.051919 0.100178 0.006764 0.035329 0.140787 0.010993 
0.021886 0.006375 0.099946 0.367267 0.040180 0.087184 0.089100 0.141977 0.059686 0.086399 
0.111740 0.047757 0.102825 0.017564 0.188194 0.109210 0.126799 0.116645 0.150732 0.028534 
0.072345 0.051594 0.186664 0.024739 0.029590 0.326199 0.042372 0.020928 0.012936 0.232633 
0.141550 0.099750 0.056263 0.036549 0.205336 0.091534 0.206593 0.011088 0.073229 0.078108 
0.022030 0.124302 0.024641 0.138589 0.132246 0.022811 0.141506 0.340417 0.046691 0.006767 
0.041055 0.075495 0.063362 0.027271 0.034941 0.131530 0.186870 0.052422 0.340712 0.046342 
0.021277 0.047517 0.113352 0.069870 0.062543 0.155779 0.188612 0.070641 0.047718 0.222691 
